57423.17005
54346.12904
60099.24749
59474.97363
73812.13024
95013.20719
65338.97268
76365.41499
57251.29505
54584.796
63806.75945
71347.7731
45044.26394
82047.47816
49137.52532
91615.48177
65927.22596
72898.31422
83311.4896
54848.4311
77308.41603
68102.34941
49017.60256
55483.91253
90280.90938
66829.74534
57027.19852
63467.54815
51609.05318
61122.11515
76083.71952
70200.1821
38448.59519
69461.78906
41792.82191
78132.94761
73607.84165
71124.17853
72333.56249
57687.55207
88396.73609
83804.21712
45887.96932
68966.61412
83325.3703
62184.93761
55602.74115
44261.02683
54366.71756
66304.96602
94967.69223
89890.6491
44915.48968
79699.911
71854.21104
81400.90376
58806.02761
53621.58141
86981.95995
72581.35786
51547.82793
52762.96973
58149.76628
59728.02294
77177.66488
69034.10335
69991.19545
83327.39679
57834.05264
67819.63422
73810.59861
81547.91778
69610.91442
69062.95637
59666.37237
51884.0895
68662.6886
51272.52865
39734.24965
60151.01305
66007.16092
80587.3386
71212.98529
73965.78052
73914.59677
97090.1381
69579.34672
63835.05015
72709.72691
72948.48196
73471.69972
100060.6099
87527.09181
77285.87836
52401.88539
78581.43739
61860.59784
83977.85307
80604.63804
87691.15523
53188.7166
52657.06358
55188.83499
64993.0393
50247.59711
85201.68856
60976.744
66587.33112
81740.84608
88873.69031
49084.07817
71209.64738
56106.32541
75424.02071
55531.90023
65161.21492
59803.99483
73867.51207
45511.20277
76716.58194
52885.73203
75300.06351
54611.50668
72930.2519
61186.62511
72987.54445
54201.85933
67333.18432
80799.40527
85782.76235
83733.10255
58382.97553
52938.59143
66418.7937
90444.48697
83167.4433
66468.91726
75952.57165
46537.91623
81179.09876
63392.61655
91318.66638
51196.62685
88274.59786
69359.09378
58957.44896
78895.97453
54863.7885
65766.26617
59193.92087
57515.68275
103804.8359
51283.21519
71357.25797
53809.89407
75611.56976
72408.98541
101815039.9
33521386.74
121423896.6
6625889.024
114424104.7
104733650.8
94119276.86
29383185.22
69837001.59
122430969.4
86554833.44
57776984.98
114492155.8
18656854.35
69716770.9
30782806.88
98022323.24
92494716.46
56391643.4
72615099.77
16440629.39
136078327.1
107450512
23018421.04
138875744
107342107.7
79256645.68
94599045.07
46397448.18
8077796.264
58530875.33
50457332.99
117096141.8
67706026.87
61449707.32
23400361.38
59430336.84
40596865.17
141277723.5
28520475.86
47295441.38
37346720.51
30213552.4
48149175.41
28225588.97
3763683.215
41434279
20402712.68
78348855.12
103672441.4
124307602.2
160364297.3
119699190.7
15735665.89
122443232
21451644.75
118565732.1
141803091.7
17066744.23
34766240.72
79630532.55
173426834.6
111832985
24730845.26
52426124.88
74510445.7
64970529.16
85600020.64
13085652.6
176400795.1
116619634.9
15538181.43
82952607.95
166741577.3
57861143.63
2477586.206
179127741.5
176697201.2
194665278.1
83953557.75
185106953.2
101914866.6
175684268.3
107797340.8
46976978.31
53405650.22
110617090.2
34018479.21
13205446.41
171720256.5
182905709.3
191177557.3
107709258.6
54589238.74
14744777.96
27736292.95
130129546.3
59840697.94
131145697.3
185906644.6
113326268.8
11407931.11
92325704.57
106022223.5
106457412.9
50394410.96
44529072.11
98978093.3
65627675.2
58669852.93
192037927
124782985.2
130582909.8
221546959
169889963.4
18367141.6
127562919.8
84030137.08
51731347.23
7689221.049
208621925.7
102113358.3
39323252.52
3999945.525
148621561.8
138004945.6
142230785.7
187839016.9
106155549.2
127891359.4
137117287.9
87368326.36
90981838.7
175156376
177852110.8
108263281.5
140264788
53959057.36
229342310.7
19140648.99
224508742.3
56795548.39
52444080.09
60913106.32
64582260.71
71115916.67
171960357.2
140493492.7
213170596.2
33755488.92
151314592.9
229172943.7
166029818.7
223773713.7
22211530.11
234676036.6
161817962.7
121278641.2
108231486.7
18460783.13
9000581.548
162458213.1
39519607.97
84187307.44
134985476.7
127756484.7
89245941.95
131701920.9
114442782.5
174417655.1
259508784.5
241107577.1
92345015.54
187731608.2
88148726.31
4618820.166
163049105.3
185621330.8
209338309.7
87969898.42
177160076.2
134363459.1
153408243
161400128.9
142179485.6
242424381.1
122855734.1
124937460.1
146689019.7
65501144.99
29119866.25
119602475.6
127528334.8
118792865.5
239766188.8
181254862.3
123346394.2
67943033.76
1064118.535
217879611.7
166125666.1
182719605.1
136344579.4
248447188.5
234774134.6
18934212.14
55668293.47
188134692.7
159504914.8
216559318.8
247469949.6
68735178.77
45580235.56
223857493.1
214947985.5
115454941.9
152684646.8
110347393.4
217394907.3
72287086.21
130533625.5
203627079.1
138533715.8
72931362.37
246059256.9
103193881.3
119302265.2
127310223.3
112241312.3
227143235.6
97549138.34
258388413.8
111594030.6
151796952.8
179555780.3
130592692.5
108082099.4
255913663
245129379.5
144512591.2
233174017
178024410.8
133696572.4
21045137.5
29597335.71
63443780.53
202388918.4
162517365
209315508.4
70388834.4
150971719.5
36462335.5
189614835.7
65707944.15
11948243.72
50832390.57
243246660.2
108102181.6
95126128.25
241530330
125035370.9
142835281.5
14563406.62
91881538.08
71718353.97
221083845.8
141151091.7
130010287.8
224398501.3
126986677.3
174124536.8
208188368.3
193404252.1
229687863.2
86564035.51
219216391.1
148280967.9
204160810.2
142658746.5
228487119.8
153082728.1
80080386.6
200997894.1
164686595.4
219733013.2
1457885.832
98919534.9
3520204.777
135001828.4
52058745.4
89980498.46
78690482.43
84461890.7
176104267.4
180877408.7
138173902.6
84473709.44
199780354.5
60515046.83
172846358.2
121624143.6
51592697.13
184586732.8
34346057.54
182178012.8
72201079.99
92890969.75
183804938.8
174720455.2
127835975.2
48851811.23
32178173.04
16892905
124845161.5
174574345.7
156445257
60121012.73
26644190.03
120465805.6
126969194.9
32887970.77
148769665.5
76252728.71
24364300.48
93872818.77
51417882.08
165167120.6
128217343.9
76194199.9
115161380.8
144361835.4
150134378.2
12013749.65
60103565.2
85494122.49
76908211.08
133684769
76238015.13
39306046.77
100395781.3
101082117.7
40773154.23
37855864.01
105737511.9
58920487.83
74083447.28
65459970.99
95244295.71
100661310.4
69273679.3
16700365.94
103014779.4
59421270.12
90745183.17
35993797.3
25645560.89
48263717.61
94284281.68
82176075.81
6499161.038
26475781.51
17958630.79
28277898.26
27035372.17
12853706.98
35582390.36
73177432.2
12305880
46292731.83
2101693.356
24333361.27
58273656.48
37753651.66
23917752.23
35565650.93
45936717.47
15923972.67
3115600.861
40118668.31
27805500.51
14605750.84
1333880.305
27295394.81
6830415.322
16819873.35
5920539.422
957433.5173
11422269.74
3152991.102
10213695.74
3005547.564
5681910.159
2074586.173
337799.3916
-500947.3417
-3070426.374
-4305260.532
-1370707.793
-7920958.249
-2682205.624
-12904395.19
-7147291.17
-24422865.07
-1879916.273
-5684269.975
-10120840.63
-34026733.08
-19636375.87
-13674602.55
-19782245.71
-17851432.16
-35383591.14
-1925664.289
-49163607.97
-38064091.31
-60681824.99
-37222662.35
-11804269.87
-26244579.79
-40331352.42
-34884786.02
-27364373.36
-17797180.45
-35347617.51
-28288386.38
-2929433.49
-63838421.52
-56416810.67
-67603363.44
-15474067.12
-71262209.45
-17248310
-89902688.63
-100251502.6
-17500436.63
-28354157.98
-48962654.52
-113027640.8
-54366236.39
-2128009.459
-63434491.93
-78101320.54
-28187454.98
-116267470.7
-94620131.7
-80729112.25
-104133665
-122964495.1
-61046068.52
-48965144.52
-151110811.5
-101710493.3
-25127660.1
-152561411.5
-103916285.9
-96667045.19
-83926662.16
-178429653.7
-23820356.69
-29810691.82
-28730598.59
-166811973.2
-93649231.17
-187875271.7
-103080800.9
-116507074.2
-162458274.1
-102795886.3
-52091545.38
-101062169.5
-1564834.227
-23003786.09
-149798993.3
-23420939.86
-107107131.7
-199927482.2
-34003239.93
-153659444.5
-62001171.98
-166742601.3
-96053438.75
-219276987
-207982794.6
-109387828.3
-112528415.2
-110986956.6
-115659250.3
-53016395.18
-11146827.59
-27672088.12
-102099095.6
-22731676.13
-77708731.74
-48934046.12
-232349163.3
-115892569.1
-33012724.39
-55511187.74
-218401553.9
-189473382.8
-80515443.52
-157183715.1
-223618878
-202642639.5
-145423693.5
-104023686.2
-236255593
-88486725.76
-135997228
-67108896.67
-229513774.7
-89782969.13
-17693331.1
-241252342.7
-150354683.5
-218509830.6
-198392916.2
-36854566.65
-245926622.5
-230943303.4
-209932162.8
-42493161.58
-140054345.1
-111241792
-131586843.2
-195485524.7
-189528454.9
-172796758.9
-59507473.11
-163174832.6
-137159373.9
-168211750.6
-41398849.12
-212893167.7
-80028511.2
-78315743.96
-105955176.7
-192209517.9
-177032220.5
-54230895.22
-179755557.3
-87551722.26
-96073319.68
-90088745.37
-92995213.33
-199223151.6
-225475457.4
-141780941.4
-129029872.9
-236041157.1
-15295851.02
-143440890.5
-150731511
-102645918
-195899220.5
-7878740.158
-22719619.02
-149888919.5
-64171481.41
-158351023.7
-166591503.5
-61392807.37
-135796780.5
-63414573
-192128263.1
-120017852.5
-171336745
-136968952
-20933939.55
-52534305.24
-18242903.45
-97879533.53
-83903795.05
-37278492.63
-109068257
-133157874.2
-46546292.66
-26674653.63
-117393474.4
-123948588.1
-46152276.19
-33169809.68
-67624550.29
-95944599.18
-113602100.1
-60536988.84
-28497333.93
-91911179.67
-103195507.6
-78574214.15
-75436536.65
-82276561.25
-10587234.62
-81735705.67
-43372417.69
-58182121.33
-41860258.05
-19115008.73
-33514327.6
-11725695.24
-48015407.21
-23087951.1
-42483924.89
-7429314.376
-23416836.18
-7750390.938
-7830198.227
-6785448.289
-8201029.436
-778664.1163
-1949538.288
-423166.336
761455.8625
2417249.882
4250179.331
11032538.22
5959574.072
28695738.68
9396786.653
18844112.55
40681356.39
42806840.91
29080920.68
4382645.75
58652913.41
18010604.28
36276780.91
67874244.43
4162647.419
66375874.79
91614430.84
59195769.03
12877884.52
12669752.16
38402695.18
92074016.75
18181767.31
57020316.31
124554664.4
23544314.41
108431833.8
107666498.7
59349863.74
154009648.3
118863422.7
149924389.8
116857134.5
68285665.35
69558178.34
164807343.6
20686384.98
41225701.05
69130776.3
37714841.69
5144425.923
94385610.71
206089256.1
29073519.85
132838206.8
59273095.56
91032118.62
201742963.1
210995289
184526834.5
29261187.14
105227091.7
100286983
234939659
118333718.5
78964321
194801779.1
244497829.3
107928050.2
35917673.79
212533018.9
51260135.96
202115397.9
59386207.35
141372255.4
64732933.29
69947266.7
257151217.8
93032724.54
128161735.9
28888043.98
168322363.5
37008090.27
143005926.3
55471061.3
266390776.7
167066028
127607363.4
72909881.94
37988431.14
13883350.85
106438403.3
40715648.51
247546741.5
173417856
181299133.3
79113015.63
10579402.64
86797916.16
221802687.2
58537162.36
205597637
628581.4452
233751783.1
128128943.3
48824154.45
34350584.01
68593703.78
121944450
179184261.1
123901848.8
196148843.3
122054483.1
111787220
76135520.66
15746812.14
63474275.31
174704888.5
171689068.1
158602826.7
58888168.02
1222383.136
107322863.1
146686572.6
59162289.89
129086484.8
118927980.4
7413538.196
22828222.11
65369456.23
22206314.82
52389600.12
49246699.59
26036642.88
43033236.89
22930550.81
2362675.599
47573840.57
28969191.12
2867980.785
24568079.25
1354032.53
13038764.52
10555872.11
293935.1521
1399329.535
-3499402.956
-3522070.194
-9406865.194
-14646935.55
-1843313.836
-8937705.329
-41365610.62
-36631335.21
-22127748.67
-52512665.23
-36500780.74
-55492295.85
-64252548.32
-39079336.74
-57471741.6
-11508152.33
-61453493.84
-6822402.112
-95967947.49
-9552103.07
-127128094.5
-43132460.63
-52445633.03
-3885623.848
-82193437.67
-16713704.53
-40178311.6
-92186899.5
-64338895.08
-57345139.83
-118188142.1
-185917470.2
-53851312.41
-143765165.2
-98987049.94
-83778865.19
-190611585
-168680617.5
-131414196.6
-193992412.3
-190986722.3
-49802026.77
-25546899.55
-107229528.1
-40495391.42
-36955762.34
-108775706.5
-114975689.1
-162013865.6
-40666605
-95224609.93
-44647502.18
-196529104.1
-207140669.2
-146505498.5
-219135967.5
-224534267.5
-87348359.85
-193358854.3
-138105732.6
-151800791.2
-215121035.5
-111569379.5
-71486464.2
-244416455.3
-53681236.56
-146206486.6
-174993882.3
-51520921.29
-166286540.3
-145340579.9
-35151745.1
-34406754.06
-52860560.24
-5786040.074
-108030622.3
-9804502.478
-109536815.3
-95567205.84
-164121428
-51575076.85
-32874359.18
-109394038.3
-12847534.49
-95089598.18
-9084524.313
-96529854.03
-63469846.62
-66352655.25
-23802507.27
-31879407.7
-16262046.92
-64267453.27
-17123376.95
-50857393.63
-42610270.89
-20493425.37
-17603250.38
-13542861.61
-6443209.145
-7476450.377
-612074.1885
258657.7309
6411592.263
14610857.57
10480706.29
30194114.97
30549502.76
29267765.16
9982706.14
42524802.88
41638497.22
39662518.54
99798401.4
59591130.81
234459.9936
120065937.2
68455184.79
76398323.48
157093815.6
5387727.3
148896243
163549003.6
107433114.1
150222998.8
102703426.3
156928939
128346664.7
33900598.06
50239008.42
64758789.81
44327136.4
21779377.51
86720102.93
90665021.84
254278388.6
102265719.4
53098489.64
216669389.3
132370800.4
43704329.97
219199561.3
53786354.17
142884794.4
196825596
66577646.14
512718.7811
23474269.96
89255796.38
151979464.5
95800572.43
233684827.7
240222910
31259543.77
35756372.6
186954746.6
135708437
146056958.9
115869299.9
22211009.9
189359684.4
64615971.96
174999338.6
81502077.71
35099600.59
87110472.98
94892908.16
42104086
94222855.83
131580318.3
4405796.204
15763501.76
91545375.1
88203950.44
81188618.79
63063603.69
60113787.07
11332536.29
32275652.89
3455953.446
1642154.516
4722265.876
-5373583.357
-17462544.87
-13243526.75
-27467818.47
-976938.1461
-52505861.99
-62452789.4
-60627765.03
-5494726.386
-88142611.97
-108579856.8
-4118074.337
-117080540.4
-76266770.41
-25055203.22
-108083276
-139824735
-106995468.7
-68927165.88
-47500983.73
-146738134.8
-84785130.13
-15808328.12
-144297069.7
-72586583.02
-191046414.5
-88321140.79
-172538353
-110358925
-186745317.6
-165379490.1
-262515816.2
-52288944.09
-39223074.35
-3336012.819
-180456989.5
-65179543.26
-261887810.9
-170095444.1
-236349469.7
-155928109.8
-248898244.9
-236871939.3
-61836155.45
-224926913.3
-215994299.7
-961863.5676
-205684997.2
-186399054.1
-132466290.7
-142463030.9
-49986246.21
-103888678.4
-95891296.98
-97969358.47
-103186305.7
-116656272
-6357201.179
-38826686.49
-13231212.14
-6621855.483
-64929012.41
-23199498.41
-32597376.9
-8241227.073
-5772322.462
239232.6659
1010818.334
10090728.7
26161310.6
15722302.82
53776678.15
32812913.25
17545838.86
19389262.74
103504295.4
133389473.7
87043376.34
71351307.72
108893249.6
152571387.4
61883776.22
79095555.48
111678961.9
95995830.44
178528466.3
133522721.7
170395591.7
210639848.9
116900707.9
136403688.1
167505791.2
147290394.6
131415196.4
117767174.3
116929662.3
120174217.5
119578600.2
27534926.71
122394004.4
101119093.8
210096187.6
142733443.8
20684331.32
180359700.9
100990389.9
183859461.5
137987210.9
155104838.3
20414034.13
129084412.6
54042310.52
128591181.1
129809437.9
26142022.57
89758929.26
18469356.42
46893437.76
2352395.329
48040967.87
34051721.49
13009897.96
2641086.469
-1461177.553
-2963689.228
-16319417.29
-37478187.53
-52219000.43
-60504134.17
-43612493.83
-58657590.16
-102548343.6
-111264996.3
-78792368.85
-168854942.9
-180525559.8
-139858501
-158691350.7
-184050973.3
-30907641.26
-199805718.8
-186484926.7
-221733219.9
-7097301.506
-191250716.8
-10391168.18
-21697600.6
-250373383.8
-142625982.2
-94992029.61
-187709148.1
-168390366.9
-78647186.91
-253159300.5
-1108414.863
-127661135.4
-16895692.96
-107104109.4
-147946555.9
-136802128.6
-461735.2593
-3764600.955
-115244882.5
-67438938.64
-103399508.6
-107157862.9
-33771299.28
-61585898.85
-12356840.38
-18846388.16
-10078197.57
-15217232.04
-920907.6132
2245485.738
4896371.458
29553001.13
60977653.37
82056287.89
73709835.17
109055143.8
28260028.32
59629030.56
143914261.4
118997011
76307641.91
22708021.82
160826668.4
115283859.4
40094561.51
68766925.99
127878892.8
250098525.5
237811354.3
201851491.1
85285748.62
134696406
220923269.2
204317608.6
11382091.4
166956683.4
97117832.28
149448578.4
117680710.5
2692797.461
166219400.6
83444859.75
44610632.75
29890317.99
86101862.24
51869104.52
1024855.828
80031078.36
8691412.336
51267282.7
24641478.19
12563653.01
-754846.5611
-19392110.38
-11577101.31
-47669645.56
-69029820.3
-25812717.96
-51429840.46
-47716519.17
-39660669.84
-28053394.08
-171871436.2
-131146932.5
-74276045.97
-107562453.4
-181530948.7
-91390160.54
-38431359.39
-126763125.4
-42726343.14
-26200384.3
-86895614.22
-233404237
-257314721.3
-128124068.6
-124205728.8
-102008904.4
-145920251.1
-124753656.7
-36952121.58
-154264900.1
-22227798.06
-128499261.2
-89580092.26
-113135497.1
-40265155.62
-54601782.17
-12109740.29
-36766786.75
-16223456.96
-2602477.85
9404351.694
7054717.403
15744873.81
37102665.88
15588778.79
56096632.02
22597505.71
93412944.22
105837088.6
151239595.4
210586826.5
22592778.96
232808197.2
224529753.3
147407366.6
164937001.9
188897461.9
110605634.3
233067415.4
168912192.2
136840191.2
64036549.9
64688805.05
174795986.4
66050536.25
33820583.28
188283849.2
17104223.21
3767239.217
102394943.7
4591162.415
92223028.51
46150851.97
8239336.22
3976227.956
155982.7011
-1007243.448
-28989303.1
-32407171.27
-26547615.25
-11665387.82
-57245611.42
-54147708.2
-121194508.2
-13300506.37
-163896001.9
-96064957.36
-152361872.4
-160137758.8
-156237021.3
-116338879
-70695181.59
-215873459.6
-78627188.48
-86857476.96
-238381704.6
-87521718.48
-75011519.49
-186743903.9
-47651294.73
-178308579.7
-9982889.234
-32434006.38
-101036591.4
-64721058.01
-11622633.32
-44304594.49
-1690096.188
3604292.938
22382884.63
18926693.61
22026990.7
44295259.85
27305457.05
39997260.46
128541233.1
4109553.713
198779957.4
225716356.5
243858757.4
223001352.7
205111552.7
216649590.4
201960397.2
73659796.64
64472073.02
10999650.99
93320486.52
75314032.29
177100754.7
197713797.5
26099624.79
73945982.74
118324235.4
72198373.41
2905211.839
11422755.88
11526278.7
-1976070.06
-22237446.08
-26020894.29
-63951013.22
-106323349.2
-79986354.96
-90547552.9
-138064807
-126488079.7
-140667230.7
-11944773.62
-95464594.69
-224638858.5
-86640623.99
-23252971.39
-64422917.93
-134673113.3
-21592047.43
-210510256.2
-133413464.7
-85323706.11
-73307659.58
-21796166.37
-1392120.472
-21333606.17
-27167160.97
-4589758.898
-2052610.081
566112.3672
2914977.572
42030106.7
18153326.91
93498685.84
3052431.307
92594547.66
166117107.8
188358795.7
127233994
182411895.4
252847313.2
160664759.3
15903676.39
113645390.9
254690857.2
124593546.4
187114482.7
45729059.27
84371461.04
84391240.67
6124236.092
68511153.44
7031250.909
47046709.45
13297182.86
-1305478.031
-10719726.51
-49882284.73
-77247312.02
-132622577.9
-151719001.5
-79182522.23
-179084416.1
-89175811.44
-193277435.1
-194808195.7
-16682096.79
-196998058.9
-255668573.7
-46156471.4
-94975493.06
-27811174.3
-17688668.66
-68448671.21
-134692937.5
-89274555.73
-96309460.07
-59786955.78
-4808465.358
-2283632.386
6045887.804
3239092.991
22053514.22
63175592.72
86990919.24
157758507.2
171170525.8
99778905.04
112440120.4
117830843.6
71062747.19
261374716.4
262295561
118269646.6
195184504
25642739.25
102511758.1
58392476.4
34258014.49
58194240.59
47123018.52
3595782.012
593414.3798
-26727236.56
-12023452.15
-49585881.57
-84028157.29
-20488448.9
-122759024.7
-137491689.7
-169074695.2
-8214490.583
-66332903.84
-143471741.2
-199653435.4
-88082975.11
-86250030.07
-146592663.7
-69696068.15
-124788780.9
-45836203.62
-26274984.23
-39742336.2
-7099107.973
1178097.765
31912838.55
12890946.68
36214502.58
13760491.65
87887421.97
82254353.58
136758916
33561707.83
220383292.7
174058743.2
90971994.22
142658757.7
16774045.74
27175662.4
85430786
40681146.25
101762736.6
42324083.92
4255209.921
439207.5765
-22610667.34
-4093691.938
-33868112.18
-5435685.607
-169221890.7
-13151928.73
-46561296.73
-16128475.03
-9519818.047
-135962826
-191624030.4
-108973374.7
-142557481.5
-134685662.6
-89573528.97
-30331621.19
-74361432.26
-37602455.5
-13229102.6
3497316.64
15799277.49
61867148.23
129885126.2
106241022.2
134182453.6
219405185.2
168819590.8
170124910.6
4498596.669
136714107
152321698.3
230378162.6
61558373.67
130941595.1
103180249.1
1096827.594
38634214.11
19518047.21
-20147706.37
-39456256.62
-90617877.34
-116281909.9
-159675676.4
-172445249.2
-185494553.5
-128446742.8
-189500264.3
-109789130.9
-206142062.7
-130667341.1
-116314088.7
-111135891.5
-89606957.23
-79548540.01
-23567524.26
-5223685.676
38847115.78
17897171.45
117758971.3
51502607.53
139561745.2
187388168.7
165480347.1
145238649.9
149258916.6
199210920.6
153261363
15126898.47
109028971.5
112356944.4
55609373.05
47390426.34
1415730.816
-2128992.19
-31990886.67
-49267128.19
-111205628.7
-169910020
-205857007.4
-124626748.5
-224000029.8
-225807730.4
-180962607
-38443274.77
-180948040
-127352792.2
-47426934.34
-32939132.53
-6810822.883
36685987.77
22151859.89
67324474.99
32682938.08
203830603
176679242.4
229137663.3
54651280.21
38430022.43
165233483.1
32004985.15
72662452.2
96794701.14
12568509.44
16531267.35
-5769685.534
-50648837.34
-70957332.52
-132570561.6
-67461542.19
-56662849.76
-125503845.8
-251481237.5
-79169491.29
-102643793.9
-56891951.5
-168005411.2
-64746257.58
-66139758.02
-13644513.41
2889242.751
35060806.91
82338500.77
75365951.75
18709974.65
87152761.69
99172350.38
231170848.6
126250997.8
186797116.2
199307004.7
13501917.57
87404967.12
68498809.79
4377914.921
-44158303.3
-68297839.22
-28287920.9
-174073527.7
-4825774.092
-257232795.4
-192877671.3
-104544732.2
-7539891.369
-54871853.41
-122125615.5
-67382765.31
-39246812.01
-2529175.676
4834311.452
86486075.18
163866478.1
124770444.4
114899492.1
45746601.57
18586317.24
64567138.09
151035826.5
177046188
31168765.36
69925831.21
21224501.46
-3225078.294
-76194467.01
-36856213.3
-146350492.6
-72394346.31
-6041447.759
-145022502.1
-13158996.52
-165525365
-113345784.6
-71359800.61
-45300702.48
-5360555.787
7646301.884
87794374.2
11373757.57
38267065.12
48842510.69
231490107.5
53182775.65
86916621.08
164079811.4
137651077.9
127144774.9
22461344.69
-290177.851
-45823315.19
-68224443.17
-111308021.6
-160895699.2
-193021616.6
-212689732.7
-60485134.34
-191699552.4
-79037165.44
-16293604.7
-71327165.92
-3946145.309
37210610.49
3170890.971
102677056
33129371.17
93914972.7
156469249.9
209475065.9
80862279.66
44321950.57
56895782.87
60973020.39
-5624424.961
-1931828.299
-22119907.49
-184613144.9
-160666501.7
-162759026.4
-52205390.06
-25230254.06
-201481622.5
-79913510.9
-75614383.9
-18007837.73
24243536.21
73920196.62
145492990.4
187828721
180553258.6
213410683
11392589.88
189274458
81673339.17
56657005.23
27702708.23
-11007487.06
-68345986.64
-66378736.48
-101073957.5
-116746358.4
-29389773.09
-62413091.38
-1486873.791
-156825733.2
-32381759.67
-12979649.36
34435347.88
126125701.7
30798081.72
101426058.5
180418466.4
64483782.65
190443510
106214625.1
10885955.31
43846755.98
-11404641.85
-53320413.05
-64575960.37
-102527208.5
-92228492.2
-50741492.29
-225751728.3
-191436711
-21705612.24
-40521428.52
7598478.111
65290549.12
36870044.91
209269727.4
212340039.7
140757294.1
202482036.3
144004207.9
83011263.15
31430146.89
-6922928.151
-77420622.45
-91426677.17
-80675630.61
-221003020.7
-112578951.8
-153174590.5
-60592078.88
-61529581.46
-29761662.26
37171364.75
58573290.23
142059380.7
115211206.6
73308981.52
125199439.3
34810367.63
161028287.3
7528988.496
-93681.09662
-14135547.1
-114356019.8
-88401272.76
-40138932.92
-58463026.06
-202452369.7
-27284572.95
-36794421.88
-7147016.817
62551524.88
97864460.45
5844691.086
76255438.44
242861708.5
201925646.3
161986995.7
91282811.39
11817685.7
-18647527
-59747991.62
-78728453.79
-69651388.69
-210099683.4
-123522388.9
-128567212.4
-44325358.3
-2078026.08
72916290.09
113776219.2
111899824.7
188254981.8
221159227.7
63443128.76
1276193.169
43852728.88
-25945554.12
-58348991.52
-166872930.8
-80789176.84
-83580729.28
-116546822
-99036440.03
-75864293.3
-10403595.2
30763406.58
59129447.67
122340049.5
241253992.5
167716718.7
31383299.51
116948093
7260586.01
-35606515.06
-156722063.3
-186258023.8
-224373475.3
-231438326.6
-26266388.12
-4973358.91
-43331024.64
18343770.55
65019449.37
187443027.6
231433969.1
144934404.3
23474067.03
96158607.44
23895038.93
-58700739.83
-122829634.6
-125435671.4
-130495391.1
-24097331.44
-27722162.34
-48725210.5
-1272755.796
85446840.31
68003865.29
72718415.4
180395026.4
2431367.188
1633883.954
6413243.635
-15977045.14
-26268151.85
-216273137.3
-9310625.353
-82560957.75
-117970375.1
-20969276.31
-1480425.96
27624617.03
184694204.1
25931645.27
62995677.4
127837128.7
156446310.9
3964335.075
-48046587.08
-103787331.2
-226615820.4
-132612037.3
-194062602.7
-161972912
-51128845.93
41826300.2
63700564.79
182600887
130590414
56237502.08
117339313.8
22542307.83
-1895530.105
-102714446.4
-217870873.4
-186579311.7
-92505575.42
-73106811.3
-2843618.03
8202189.629
119170849.9
144789849.2
50693514.63
111980310.6
34579163.34
2004372.233
-40506898.5
-89949421.47
-56913554.95
-122355677.9
-70711626.39
-51165641.06
-3113973.3
94863917.41
98988515.75
149071856.3
246246594.7
123954660.1
40232155.13
-26815227.59
-143347518.2
-169480581.9
-229776100.2
-105560890
-59192693.28
-8437270.245
2358759.409
117199343.5
173163954.6
147863104.4
162468682
44233109.28
-69398300.92
-39797332.88
-189644759.9
-48602164.9
-140548366.1
-84273920.33
13747395.82
103250632.2
213093396.6
75707411.12
151896966
104440464.3
-11087081.77
-61610222.22
-168833887.3
-252000556.7
-151155179.1
-91085654.92
14435102
22284123.8
218608215.3
110292232
15348885.96
100062365.5
-17091605.6
-78493244.61
-96866807.15
-62305661.02
-47165209.66
-22498099.21
7718126.087
90771221.72
219142150.4
86166916.39
86885006.21
32208992.46
-45324402.48
-83175798.48
-195385872.9
-240041358
-127693788.4
-21741333.53
59255336.35
99449382.38
43489504.66
96772744.92
90691897.5
-29619347.66
-3223364.483
-193857743
-199398496.5
-141221334.1
-1038251.342
95049669.89
136319226
247553595.1
59974437.39
56345125.71
-13798341.1
-52890350.03
-109774217.2
-106375435
-57518542.86
-18186420.61
34219481.31
3251657.171
8132965.063
63181020.2
68404647.89
-19596278.37
-196702514.7
-257175682.2
-141699446.5
-41639501.58
17085227.93
176900215.2
51398505.73
151896373.1
109905565.8
-3534049.868
-149732553.3
-140947348
-124644077.8
-71357461.59
8312055.307
153665876.5
46420834.27
173337068.9
135413353.5
-3083587.283
-128203279.2
-153783785.9
-26832336.82
-145855953.5
692511.0044
31765999.19
131351046.1
33270178.17
76752809.29
-2133947.575
-25895002.64
-213091860.3
-39704886.68
-24543118.51
616247.9261
36620486.13
61420924.53
145344200.4
29904530
-44888158.96
-75554997.19
-263958114.7
-90137408.62
-7824919.872
88207454.67
159455029.8
231632100.3
75846153.09
-28012788.14
-111691729.8
-75468052.54
-62836124.95
-18094980.8
9302060.182
187480980.7
225510364.6
160088465.4
-559148.7928
-124138607.4
-147843324.9
-165378282.8
-20627965.73
73903974.34
173453901.9
214440226.7
18923582.31
-965598.1337
-23865145.71
-260166465.2
-54944668.25
-63217824.8
108549238.7
180281248.2
123581711.9
32880387.31
-29974163.05
-42386466.8
-193914301.7
-113243018.9
701636.9348
75038529.75
95888773.01
96988596.36
44523268.03
-27221445.69
-184363791.3
-127356062
-42709980.31
96937487.43
140443512.1
186877157
113095733.9
-44037953.16
-179088490.8
-191051671.8
-75597369.56
17343131.86
9019436.561
175592101
79885487.59
-3352486.237
-176330893.8
-146387004.3
-31136617.43
20170388.79
171820460
191301191.3
37785796.58
-5228419.085
-3491297.232
-176003837.4
-45711454.12
47116660.49
103704875.8
172073614.7
86075839.53
-54544837.94
-149716628.1
-45203154.04
-36392251.77
70676123.21
182129315.3
110771542.7
41467495.3
-68706712.52
-169852655.2
-121468619.5
-13806967.64
33033429.6
232902985.7
45270828.69
-8552463.703
-10016185.18
-10780532.19
-92656632.66
47559670.49
199859032.4
95893305.63
54961139.16
-48909729
-131973962.8
-101637298.9
2335400.612
113562976.3
109083707
127246263
-66417427.2
-47480504.13
-93575596.73
-37419330.27
114313459.5
263932450.8
112428827.8
-16102802.1
-77316564.28
-139779125.8
-52343479.13
127748743.9
174537729.5
41745243.84
-41324808.82
-203704282
-223700161.3
-34042911.44
22398136.96
188934136.1
78642358.73
-88594869.1
-93138001.56
-53492363.76
102748.0099
180498533.9
165470796.6
40123850.05
-60425236.97
-15113729.8
-6539001.543
34730325.89
145412653.9
206900171.4
-722090.1419
-37907886.41
-128403073
-8937886.294
85979982.01
162906339.5
50885820.9
-115916598.5
-29681637.3
-19855132.69
43104592.88
49649899.79
143278687.4
-13286232.13
-157518244.1
-135182837.3
-14316563.69
205589925.2
134028073.6
35603173.7
-4840217.71
-108424702.2
-75422649.33
141679824.2
82377992.74
28437786.85
-49285273.32
-54460306.08
-82347374.93
27128923.04
152713484
145369303
-51829625.82
-17129674.93
-121829325.2
7454839.35
227721569.9
117768669.3
-89141477.69
-142532852.3
-98322499.08
21988332.84
187512260.7
31544885.58
-120254368.4
-234675796.1
-56229675.3
137800610.1
16268940.12
61106370.62
-130317375.2
-17726648.73
-67100751.63
108421883
180146098.8
29370995.76
-185152081
-221662825.4
4485753.753
231972862.5
149091656.4
-39250115.95
-136232052.5
-49538635.78
85864812.4
28447339.4
96259537.23
-159862023.7
-89776571.66
-21055359.11
55084185.13
5619451.988
-30035637.96
-45619018.9
-89521430.96
93939312.61
4338190.979
24512919.14
-151978360.9
-42717507.13
4155724.206
34785277.08
11693621.67
-51417679.68
-253585243
-86893976.01
119178501.1
41093850.53
-7979774.736
-65737718.45
-66811416.71
21529715.51
168059405.2
18184020.57
-96053110.57
-122965153.1
75594675.2
3718210.545
35308575.92
-58977633.04
-110612042.7
44542855.93
83739581.48
57518838.86
-71738875.21
-119359350.2
49409571.87
2668720.876
72324325.47
-7297189.52
-91773197.19
14293599.87
2663198.063
44856901.57
-206408043.6
-103669596.7
22349189.18
16388281.71
28793379.24
-149912708.4
-166666023.4
127678881
56736.9638
72316.32924
53226.19486
64164.34035
52287.71142
71309.78249
74044.86529
73337.27834
80779.2909
73448.46833
63573.8062
64680.43235
72587.92417
67302.12818
63766.26977
57300.21343
64602.96311
69856.19178
69606.15507
57295.84715
74475.61208
68599.89296
55625.40955
62671.14679
48002.0566
41168.55092
68612.51609
72829.35748
61642.48071
67471.06959
71470.3582
71792.51445
41495.43605
85993.62743
86579.2296