0
42
86
129
172
215
259
302
346
390
434
478
522
566
611
655
700
745
789
834
879
925
970
1015
1061
1106
1152
1198
1244
1290
1336
1382
1429
1475
1522
1568
1615
1662
1709
1756
1803
1851
1898
1946
1993
2041
2089
2137
2185
2233
2282
2330
2378
2427
2476
2525
2574
2623
2672
2721
2770
2820
2869
2919
2969
3018
3068
3118
3168
3219
3269
3319
3370
3421
3471
3522
3573
3624
3675
3726
3778
3829
3881
3932
3984
4036
4087
4139
4191
4243
4296
4348
4400
4453
4505
4558
4611
4664
4716
4769
4823
4876
4929
4982
5036
5089
5143
5196
5250
5304
5358
5411
5465
5520
5574
5628
5682
5737
5791
5845
5900
5955
6009
6064
6119
6174
6229
6284
6339
6394
6449
6504
6560
6615
6670
6726
6781
6837
6892
6948
7004
7060
7115
7171
7227
7283
7339
7395
7451
7507
7563
7619
7675
7731
7788
7844
7900
7956
8013
8069
8125
8182
8238
8295
8351
8407
8464
8520
8577
8633
8690
8746
8803
8859
8916
8972
9029
9085
9141
9198
9254
9311
9367
9423
9480
9536
9592
9649
9705
9761
9817
9873
9929
9986
10042
10098
10153
10209
10265
10321
10377
10432
10488
10544
10599
10655
10710
10765
10820
10876
10931
10986
11041
11095
11150
11205
11259
11314
11368
11422
11477
11531
11585
11638
11692
11746
11799
11852
11906
11959
12012
12065
12117
12170
12222
12275
12327
12379
12431
12482
12534
12585
12636
12687
12738
12789
12839
12889
12939
12989
13039
13089
13138
13187
13236
13285
13333
13381
13429
13477
13525
13572
13619
13666
13713
13759
13805
13851
13897
13942
13987
14032
14076
14120
14164
14208
14251
14295
14337
14380
14422
14464
14505
14547
14587
14628
14668
14708
14748
14787
14826
14864
14902
14940
14977
15015
15051
15087
15123
15159
15194
15229
15263
15297
15330
15363
15396
15428
15460
15491
15522
15552
15582
15612
15641
15669
15697
15725
15752
15778
15805
15830
15855
15880
15904
15927
15950
15973
15995
16016
16037
16058
16077
16096
16115
16133
16151
16167
16184
16199
16214
16229
16243
16256
16269
16281
16292
16303
16313
16322
16331
16339
16346
16353
16359
16365
16369
16373
16377
16379
16381
16382
16382
16382
16381
16379
16377
16373
16369
16365
16359
16353
16345
16337
16329
16319
16309
16298
16286
16273
16259
16245
16229
16213
16196
16178
16160
16140
16120
16098
16076
16053
16029
16004
15978
15952
15924
15895
15866
15835
15804
15772
15739
15704
15669
15633
15596
15558
15519
15479
15438
15396
15353
15309
15264
15218
15171
15123
15074
15024
14972
14920
14867
14813
14758
14701
14644
14585
14526
14465
14403
14341
14277
14212
14146
14079
14011
13941
13871
13799
13727
13653
13578
13502
13425
13347
13268
13187
13106
13023
12939
12855
12769
12681
12593
12504
12413
12321
12228
12134
12039
11943
11845
11747
11647
11546
11444
11341
11237
11131
11025
10917
10808
10698
10587
10475
10362
10247
10131
10015
9897
9778
9658
9536
9414
9291
9166
9040
8913
8786
8657
8527
8395
8263
8130
7996
7860
7724
7586
7448
7308
7167
7026
6883
6740
6595
6449
6303
6155
6006
5857
5706
5555
5402
5249
5095
4940
4784
4627
4469
4310
4151
3991
3829
3668
3505
3341
3177
3012
2846
2679
2512
2344
2176
2006
1836
1666
1494
1322
1150
977
803
629
455
279
104
-71
-248
-425
-602
-780
-958
-1137
-1316
-1495
-1674
-1854
-2034
-2214
-2394
-2575
-2756
-2936
-3117
-3298
-3479
-3660
-3841
-4022
-4203
-4384
-4565
-4745
-4926
-5106
-5286
-5466
-5646
-5825
-6004
-6182
-6360
-6538
-6715
-6892
-7068
-7244
-7419
-7594
-7768
-7941
-8113
-8285
-8456
-8626
-8796
-8964
-9132
-9298
-9464
-9628
-9792
-9954
-10116
-10276
-10435
-10593
-10749
-10904
-11058
-11211
-11362
-11511
-11660
-11806
-11951
-12095
-12236
-12376
-12515
-12651
-12786
-12919
-13050
-13179
-13307
-13432
-13555
-13676
-13795
-13912
-14027
-14139
-14249
-14357
-14462
-14566
-14666
-14764
-14860
-14953
-15044
-15132
-15217
-15300
-15380
-15457
-15531
-15603
-15671
-15737
-15799
-15859
-15916
-15969
-16020
-16067
-16111
-16152
-16190
-16225
-16256
-16284
-16308
-16329
-16347
-16361
-16371
-16379
-16382
-16382
-16378
-16371
-16360
-16346
-16327
-16305
-16279
-16249
-16216
-16179
-16138
-16093
-16044
-15991
-15934
-15873
-15809
-15740
-15667
-15591
-15510
-15425
-15337
-15244
-15147
-15046
-14941
-14832
-14719
-14602
-14481
-14356
-14227
-14093
-13956
-13815
-13669
-13520
-13366
-13209
-13047
-12882
-12712
-12539
-12361
-12180
-11995
-11806
-11613
-11417
-11217
-11012
-10805
-10593
-10378
-10159
-9937
-9711
-9482
-9249
-9013
-8774
-8531
-8285
-8036
-7784
-7529
-7270
-7009
-6745
-6478
-6208
-5936
-5661
-5383
-5103
-4821
-4536
-4249
-3960
-3668
-3375
-3080
-2783
-2484
-2184
-1882
-1579
-1275
-969
-662
-354
-45
264
574
885
1197
1509
1821
2133
2445
2757
3069
3381
3692
4003
4313
4622
4930
5236
5542
5846
6149
6450
6749
7047
7342
7635
7926
8214
8500
8783
9063
9340
9614
9884
10151
10414
10674
10929
11181
11428
11671
11910
12143
12373
12597
12816
13030
13238
13441
13639
13830
14016
14196
14369
14536
14697
14852
14999
15140
15274
15400
15520
15632
15737
15835
15925
16007
16081
16147
16205
16256
16298
16331
16356
16373
16382
16381
16372
16355
16328
16293
16249
16195
16133
16062
15982
15893
15794
15687
15570
15445
15310
15166
15013
14851
14680
14500
14311
14113
13906
13690
13465
13232
12991
12740
12481
12214
11939
11656
11364
11065
10758
10443
10121
9791
9454
9111
8760
8403
8039
7669
7293
6912
6524
6131
5733
5331
4923
4511
4095
3674
3250
2823
2393
1960
1524
1086
646
205
-237
-681
-1125
-1570
-2014
-2459
-2902
-3345
-3786
-4225
-4663
-5098
-5530
-5958
-6384
-6805
-7222
-7634
-8042
-8444
-8840
-9230
-9613
-9990
-10359
-10720
-11074
-11419
-11756
-12083
-12401
-12709
-13007
-13295
-13571
-13837
-14091
-14333
-14563
-14781
-14986
-15178
-15357
-15522
-15674
-15811
-15935
-16043
-16137
-16216
-16280
-16329
-16362
-16380
-16381
-16367
-16337
-16291
-16229
-16150
-16055
-15944
-15817
-15673
-15513
-15336
-15144
-14935
-14710
-14470
-14213
-13941
-13654
-13351
-13033
-12700
-12353
-11991
-11616
-11226
-10824
-10408
-9979
-9538
-9086
-8621
-8146
-7660
-7165
-6659
-6145
-5622
-5091
-4552
-4007
-3456
-2899
-2337
-1771
-1201
-629
-54
522
1099
1676
2253
2829
3402
3973
4540
5102
5660
6211
6756
7293
7822
8342
8852
9352
9840
10316
10780
11230
11665
12085
12490
12878
13249
13603
13937
14253
14549
14825
15080
15314
15526
15715
15882
16025
16145
16241
16312
16359
16381
16378
16349
16295
16215
16110
15979
15822
15640
15432
15199
14941
14657
14349
14017
13660
13280
12877
12451
12002
11533
11042
10532
10001
9452
8886
8302
7702
7087
6458
5815
5161
4495
3820
3135
2444
1746
1043
336
-372
-1083
-1793
-2501
-3207
-3908
-4604
-5292
-5972
-6642
-7301
-7947
-8579
-9195
-9794
-10375
-10936
-11477
-11995
-12490
-12960
-13405
-13822
-14212
-14572
-14902
-15201
-15468
-15703
-15903
-16070
-16202
-16298
-16358
-16382
-16369
-16320
-16233
-16109
-15947
-15749
-15514
-15242
-14933
-14589
-14209
-13795
-13346
-12864
-12351
-11805
-11230
-10626
-9993
-9335
-8651
-7945
-7216
-6467
-5700
-4916
-4118
-3307
-2485
-1655
-818
22
866
1709
2550
3386
4215
5035
5843
6637
7415
8174
8913
9628
10319
10981
11615
12216
12784
13317
13812
14268
14684
15057
15386
15671
15909
16099
16242
16335
16379
16372
16315
16207
16048
15838
15578
15267
14907
14498
14041
13538
12989
12397
11762
11086
10372
9621
8836
8019
7173
6300
5403
4486
3550
2600
1638
667
-307
-1283
-2258
-3227
-4187
-5134
-6064
-6975
-7863
-8724
-9554
-10351
-11111
-11830
-12507
-13137
-13719
-14249
-14725
-15145
-15507
-15808
-16048
-16224
-16335
-16381
-16361
-16274
-16121
-15900
-15614
-15261
-14844
-14364
-13822
-13220
-12560
-11844
-11076
-10257
-9392
-8483
-7535
-6551
-5535
-4492
-3427
-2342
-1245
-139
970
2078
3179
4268
5340
6390
7413
8402
9354
10264
11126
11937
12692
13386
14016
14578
15069
15486
15826
16087
16267
16364
16378
16306
16150
15910
15585
15177
14688
14119
13473
12753
11962
11104
10183
9204
8172
7091
5968
4809
3619
2406
1176
-63
-1306
-2544
-3771
-4979
-6161
-7309
-8417
-9478
-10484
-11430
-12309
-13115
-13844
-14488
-15045
-15509
-15878
-16148
-16316
-16382
-16343
-16198
-15949
-15596
-15141
-14585
-13931
-13184
-12347
-11425
-10424
-9350
-8209
-7010
-5759
-4465
-3137
-1784
-415
960
2332
3692
5028
6332
7594
8803
9951
11030
12029
12942
13761
14479
15089
15587
15968
16227
16362
16371
16252
16007
15635
15139
14521
13786
12938
11984
10930
9785
8557
7255
5889
4471
3013
1525
20
-1488
-2988
-4466
-5910
-7306
-8642
-9905
-11085
-12170
-13150
-14014
-14755
-15365
-15836
-16164
-16345
-16376
-16255
-15982
-15559
-14988
-14274
-13422
-12440
-11336
-10119
-8801
-7394
-5911
-4365
-2772
-1148
492
2131
3754
5342
6880
8351
9739
11030
12209
13263
14180
14949
15561
16007
16282
16382
16304
16047
15613
15006
14230
13293
12205
10976
9620
8150
6583
4937
3229
1479
-292
-2065
-3819
-5531
-7182
-8750
-10218
-11565
-12774
-13830
-14719
-15427
-15946
-16266
-16382
-16292
-15994
-15491
-14788
-13893
-12815
-11567
-10164
-8623
-6965
-5209
-3379
-1499
405
2309
4187
6013
7760
9403
10920
12288
13486
14496
15303
15892
16254
16382
16273
15925
15342
14532
13503
12271
10851
9265
7533
5683
3741
1736
-300
-2338
-4344
-6287
-8136
-9860
-11432
-12824
-14013
-14978
-15702
-16170
-16374
-16307
-15969
-15363
-14497
-13384
-12042
-10490
-8754
-6863
-4848
-2743
-585
1588
3739
5830
7821
9678
11364
12848
14101
15100
15822
16253
16382
16204
15721
14940
13872
12536
10955
9159
7181
5057
2829
539
-1767
-4044
-6246
-8328
-10247
-11963
-13438
-14640
-15544
-16126
-16374
-16279
-15839
-15063
-13964
-12563
-10888
-8973
-6857
-4587
-2209
222
2656
5037
7311
9425
11332
12985
14345
15377
16057
16364
16290
15832
14999
13808
12284
10460
8380
6091
3648
1109
-1462
-4006
-6455
-8750
-10831
-12643
-14139
-15277
-16026
-16364
-16277
-15767
-14841
-13523
-11843
-9843
-7575
-5097
-2475
220
2917
5540
8018
10279
12260
13902
15156
15985
16361
16269
15709
14694
13249
11413
9238
6784
4122
1331
-1506
-4306
-6983
-9454
-11643
-13478
-14902
-15866
-16337
-16296
-15741
-14684
-13157
-11204
-8885
-6272
-3448
-504
2463
5357
8080
10541
12654
14345
15553
16235
16361
15924
14934
13422
11436
9042
6323
3372
293
-2804
-5808
-8609
-11104
-13197
-14810
-15878
-16357
-16226
-15483
-14154
-12282
-9937
-7204
-4186
-997
2237
5393
8345
10973
13171
14848
15931
16373
16151
15268
13755
11671
9097
6137
2912
-443
-3789
-6981
-9884
-12368
-14324
-15662
-16319
-16261
-15485
-14019
-11925
-9290
-6230
-2880
609
4080
7372
10331
12818
14712
15920
16379
16062
14978
13174
10729
7759
4403
823
-2806
-6306
-9501
-12230
-14352
-15754
-16360
-16134
-15079
-13245
-10719
-7630
-4132
-409
3345
6931
10156
12844
14845
16046
16375
15806
14365
12124
9203
5759
1982
-1915
-5715
-9197
-12161
-14429
-15866
-16382
-15938
-14554
-12304
-9316
-5762
-1853
2177
6086
9633
12597
14792
16074
16357
15615
13887
11275
7939
4086
-38
-4172
-8045
-11402
-14018
-15717
-16376
-15946
-14445
-11967
-8673
-4779
-549
3729
7760
11263
13988
15737
16381
15864
14214
11541
8031
3929
-467
-4842
-8871
-12255
-14737
-16124
-16305
-15256
-13046
-9837
-5866
-1432
3122
7446
11198
14079
15855
16376
15590
13551
10414
6424
1900
-2789
-7262
-11145
-14110
-15903
-16363
-15442
-13207
-9838
-5617
-901
3904
8382
12137
14833
16223
16173
14677
11858
7961
3331
-1614
-6424
-10654
-13907
-15872
-16356
-15301
-12796
-9068
-4464
580
5582
10054
13556
15738
16373
15388
12867
9052
4317
-866
-5975
-10486
-13931
-15947
-16312
-14977
-12068
-7880
-2847
2501
7596
11886
14902
16305
15931
13807
10153
5364
-34
-5443
-10252
-13912
-15998
-16259
-14650
-11345
-6713
-1285
4306
9404
13399
15807
16327
14882
11633
6960
1424
-4300
-9507
-13547
-15906
-16275
-14593
-11056
-6102
-355
5452
10569
14323
16215
15981
13636
9476
4040
-1949
-7692
-12407
-15444
-16374
-15054
-11649
-6616
-647
5427
10751
14563
16308
15719
12865
8140
2219
-4040
-9721
-13980
-16172
-15955
-13343
-8712
-2748
3648
9502
13908
16172
15926
13189
8373
2223
-4294
-10143
-14380
-16308
-15599
-12348
-7067
-610
5962
11561
15241
16371
14740
10605
4651
-2114
-8532
-13488
-16109
-15918
-12928
-7646
-993
5853
11666
15389
16331
14300
9645
3203
-3847
-10199
-14660
-16377
-15006
-10784
-4494
2672
9341
14217
16337
15265
11188
4889
-2395
-9220
-14210
-16345
-15171
-10902
-4389
3043
9863
14648
16382
14678
9869
2954
-4608
-11200
-15394
-16263
-13593
-7941
-529
7017
13023
16134
15630
11599
4927
-2882
-10051
-14923
-16352
-13981
-8336
-718
7087
13228
16229
15344
10759
3557
-4528
-11524
-15703
-16009
-12339
-5578
2598
10139
15127
16271
13251
6812
-1404
-9275
-14740
-16346
-13639
-7307
989
9039
14673
16347
13575
7083
-1371
-9466
-14952
-16276
-13037
-6114
2557
10521
15491
16016
11910
4333
-4527
-12079
-16084
-15328
-10001
-1665
7190
13891
16382
13871
7092
-1892
-10310
-15532
-15896
-11253
-3035
6167
13418
16372
14043
7148
-2095
-10673
-15752
-15622
-10290
-1501
7812
14506
16286
12509
4429
-5195
-13042
-16362
-13959
-6639
3046
11671
16145
14832
8163
-1481
-10608
-15869
-15298
-9065
552
9986
15689
15482
9400
-280
-9875
-15688
-15440
-9185
675
10292
15866
15155
8396
-1743
-11202
-16147
-14531
-6968
3475
12506
16365
13404
4816
-5820
-14016
-16263
-11558
-1874
8641
15427
15496
8768
-1838
-11654
-16303
-13668
-4882
6128
14380
16087
10419
-63
-10540
-16132
-14189
-5570
5699
14286
16074
10156
-669
-11194
-16292
-13430
-3959
7488
15241
15406
7844
-3686
-13374
-16276
-10858
152
11107
16319
13027
2898
-8779
-15832
-14475
-5375
6633
15084
15366
7267
-4830
-14293
-15864
-8613
3467
13625
16111
9462
-2594
-13190
-16213
-9861
2237
13053
16227
9832
-2405
-13234
-16160
-9368
3103
13714
15971
8432
-4321
-14423
-15563
-6966
6028
15239
14791
4903
-8148
-15975
-13472
-2198
10535
16371
11409
-1132
-12944
-16105
-8429
4964
15009
14820
4456
-9001
-16245
-12187
409
12742
16092
8019
-5791
-15475
-14026
-2417
10972
16364
9744
-4082
-14906
-14639
-3406
10411
16380
9912
-4136
-15037
-14364
-2561
11257
16295
8534
-5980
-15775
-13008
186
13255
15624
5297
-9374
-16379
-9889
4806
15526
13277
-136
-13458
-15382
-4193
10607
16302
7906
-7376
-16243
-10873
4091
15457
13085
-993
-14203
-14612
-1767
12709
15572
4111
-11169
-16100
-6014
9728
16331
7486
-8493
-16382
-8556
7536
16350
9257
-6903
-16305
-9618
6622
16286
9653
-6704
-16309
-9361
7150
16356
8726
-7947
-16382
-7715
9062
16309
6288
-10441
-16029
-4405
11991
15408
2044
-13576
-14291
780
15008
12521
-3994
-16038
-9967
7433
16376
6558
-10826
-15709
-2339
13779
13756
-2477
-15800
-10349
7474
16350
5522
-12008
-14949
380
15262
11334
-6645
-16374
-5636
12196
14658
-1460
-15739
-9898
8670
16067
2635
-14246
-12503
5678
16382
5366
-12812
-13862
3725
16301
6774
-11994
-14364
3015
16248
6952
-12042
-14198
3608
16337
5900
-12955
-13284
5486
16352
3508
-14459
-11282
8482